X,Y
0, 0.5
0.04740406320541801, 0.502295081967213
0.08803611738149009, 0.5045901639344261
0.1557562076749437, 0.5091803278688523
0.2302483069977428, 0.5160655737704916
0.2979683972911966, 0.5229508196721311
0.35214446952595946, 0.5321311475409836
0.40632054176072274, 0.5390163934426226
0.46049661399548536, 0.5504918032786883
0.5079006772009029, 0.5596721311475408
0.562076749435666, 0.5688524590163933
0.6094808126410836, 0.5803278688524589
0.6636568848758466, 0.5918032786885243
0.7178329571106097, 0.60327868852459
0.7720090293453727, 0.6147540983606554
0.8261851015801358, 0.6285245901639342
0.8803611738148984, 0.6399999999999999
0.927765237020316, 0.6537704918032785
0.9887133182844245, 0.6698360655737703
1.0564334085778782, 0.683606557377049
1.0970654627539502, 0.6950819672131145
1.1512415349887133, 0.7088524590163932
1.2054176072234764, 0.7180327868852456
1.2595936794582394, 0.7318032786885245
1.313769751693002, 0.7455737704918031
1.367945823927765, 0.7593442622950818
1.4288939051918736, 0.7708196721311473
1.4966139954853273, 0.7845901639344262
1.5711060948081268, 0.8029508196721309
1.6455981941309255, 0.8213114754098358
1.6997742663656885, 0.8304918032786883
1.7674943566591421, 0.8442622950819669
1.8284424379232507, 0.8557377049180325
1.8893905191873588, 0.8695081967213113
1.9503386004514673, 0.8809836065573768
2.0248306997742658, 0.8970491803278686
2.09255079006772, 0.9085245901639343
2.153498871331828, 0.9222950819672129
2.214446952595937, 0.9291803278688522
2.275395033860045, 0.945245901639344
2.336343115124153, 0.9590163934426227
2.404063205417607, 0.9704918032786882
2.4717832957110613, 0.9819672131147538
2.5462753950338604, 1.0003278688524588
2.6139954853273135, 1.0095081967213113
2.6817155756207676, 1.020983606557377
2.7494356659142207, 1.0347540983606556
2.8171557562076748, 1.0485245901639342
2.864559819413093, 1.0599999999999996
2.918735891647856, 1.0714754098360653
2.966139954853273, 1.0806557377049177
2.993227990970654, 1.082950819672131
